image_00000 230 267 245 293
image_00001 230 268 245 292
image_00002 230 267 244 293
image_00003 230 264 246 294
image_00004 229 264 246 294
image_00005 230 264 246 294
image_00006 231 263 246 294
image_00007 230 262 247 296
image_00008 230 262 247 296
image_00009 229 261 247 296
image_00010 229 261 247 297
image_00011 228 261 248 298
image_00012 228 260 247 297
image_00013 229 259 247 298
image_00014 227 258 247 298
image_00015 228 258 247 300
image_00016 228 257 248 297
image_00017 227 256 247 299
image_00018 227 256 247 300
image_00019 228 255 248 302
image_00020 230 247 259 300
image_00021 229 246 260 300
image_00022 229 247 260 301
image_00023 229 247 262 302
image_00024 228 248 261 300
image_00025 229 247 260 301
image_00026 230 248 261 304
image_00027 229 249 261 302
image_00028 228 250 261 300
image_00029 238 247 261 305
image_00030 243 251 262 304
image_00031 243 249 262 303
image_00032 243 248 261 303
image_00033 242 249 262 304
image_00034 242 249 261 307
image_00035 242 249 262 308
image_00036 244 251 262 306
image_00037 242 251 262 305
image_00038 242 251 262 305
image_00039 243 252 262 306
image_00040 241 253 262 303
image_00041 242 252 263 303
image_00042 241 245 264 303
image_00043 239 243 263 304
image_00044 239 243 264 304
image_00045 241 244 264 304
image_00046 239 241 264 305
image_00047 250 240 268 270
image_00048 250 238 267 268
image_00049 250 240 269 267
image_00050 250 239 267 267
image_00051 252 241 268 265
image_00052 252 242 268 265
image_00053 252 241 267 264
image_00054 254 240 267 263
image_00055 252 244 267 262
image_00056 254 243 267 260
image_00057 258 243 268 262
image_00058 258 243 267 262
image_00059 259 243 266 260
image_00060 259 244 266 258
image_00061 257 242 264 258
image_00062 257 244 264 258
image_00063 257 244 264 257
